r: 9 51
r: 9 862
r: 17 639
r: 21 124
r: 24 530
r: 25 189
r: 29 34
r: 29 443
r: 31 104
r: 34 990
r: 36 879
r: 41 367
r: 45 307
r: 47 571
r: 57 204
r: 60 872
r: 71 775
r: 73 263
r: 76 234
r: 76 890
r: 76 990
r: 81 499
r: 83 154
r: 92 893
r: 94 615
r: 98 710
r: 100 660
r: 104 127
r: 111 369
r: 122 553
r: 122 651
r: 122 750
r: 128 696
r: 129 800
r: 136 824
r: 137 936
r: 139 735
r: 139 974
r: 149 315
r: 159 348
r: 164 702
r: 166 633
r: 171 550
r: 178 339
r: 182 933
r: 188 717
r: 194 289
r: 195 314
r: 203 740
r: 206 316
r: 218 300
r: 222 517
r: 224 689
r: 227 417
r: 232 532
r: 239 359
r: 240 818
r: 249 911
r: 265 973
r: 266 422
r: 267 550
r: 269 621
r: 279 930
r: 281 307
r: 283 772
r: 290 939
r: 291 786
r: 303 409
r: 307 875
r: 318 951
r: 337 633
r: 341 717
r: 349 495
r: 361 756
r: 362 921
r: 368 649
r: 369 412
r: 369 942
r: 375 847
r: 383 742
r: 388 896
r: 389 441
r: 389 936
r: 390 542
r: 405 452
r: 421 721
r: 438 832
r: 449 937
r: 458 802
r: 464 578
r: 466 856
r: 471 957
r: 476 884
r: 486 625
r: 486 784
r: 489 643
r: 491 909
r: 496 937
r: 497 973
r: 502 613
r: 536 683
r: 538 615
r: 541 627
r: 543 793
r: 544 849
r: 551 860
r: 553 893
r: 572 923
r: 573 962
r: 592 778
r: 600 883
r: 607 968
r: 615 959
r: 641 689
r: 649 856
r: 653 799
r: 657 972
r: 662 873
r: 687 704
r: 691 842
r: 694 948
r: 697 934
r: 699 901
r: 716 781
r: 742 798
r: 756 882
r: 764 813
r: 777 914
r: 793 827
r: 793 892
r: 809 911
r: 851 930
r: 984 988
r: 1 3 592
r: 6 95 998
r: 6 452 714
r: 8 715 913
r: 14 23 841
r: 19 416 839
r: 26 785 894
r: 27 113 216
r: 27 160 480
r: 28 758 839
r: 32 132 586
r: 34 101 983
r: 34 424 594
r: 36 133 683
r: 38 189 957
r: 40 555 608
r: 41 124 455
r: 41 357 620
r: 51 465 725
r: 51 654 743
r: 52 74 915
r: 55 325 618
r: 58 79 112
r: 58 212 949
r: 60 508 530
r: 70 506 772
r: 71 164 876
r: 74 137 471
r: 91 251 328
r: 93 195 511
r: 98 822 958
r: 114 261 343
r: 122 754 963
r: 124 213 334
r: 125 175 201
r: 126 162 256
r: 127 254 478
r: 133 517 921
r: 136 322 339
r: 136 558 883
r: 137 617 765
r: 146 388 599
r: 149 598 687
r: 150 320 420
r: 153 461 962
r: 153 760 948
r: 156 432 970
r: 165 406 878
r: 167 213 818
r: 169 402 927
r: 170 559 772
r: 175 236 871
r: 176 217 440
r: 176 684 913
r: 190 202 413
r: 199 335 563
r: 203 334 350
r: 206 577 672
r: 209 695 878
r: 210 227 589
r: 210 418 943
r: 210 548 888
r: 225 522 861
r: 226 539 634
r: 234 284 318
r: 236 649 758
r: 237 613 839
r: 238 276 990
r: 239 515 745
r: 241 680 733
r: 246 624 921
r: 252 448 676
r: 255 754 787
r: 264 265 874
r: 265 314 991
r: 266 653 878
r: 268 297 765
r: 270 637 817
r: 275 286 627
r: 279 698 779
r: 286 351 743
r: 290 432 844
r: 304 717 725
r: 305 478 598
r: 314 515 890
r: 331 781 885
r: 340 746 951
r: 341 832 975
r: 346 509 614
r: 353 443 475
r: 381 751 925
r: 389 596 818
r: 393 539 912
r: 397 685 759
r: 408 554 925
r: 414 437 642
r: 421 613 699
r: 425 520 567
r: 441 605 696
r: 456 480 960
r: 457 465 997
r: 466 761 901
r: 496 696 981
r: 504 591 922
r: 544 719 812
r: 546 709 712
r: 566 707 824
r: 578 654 807
r: 578 816 819
r: 586 733 739
r: 668 697 993
r: 673 927 943
r: 677 720 918
r: 685 801 882
r: 709 861 939
r: 726 967 999
r: 752 818 859
r: 781 789 846
r: 860 900 941
r: 873 889 952
r: 2 268 772 985
r: 3 671 713 730
r: 4 632 688 985
r: 5 57 263 992
r: 10 234 513 688
r: 11 132 134 272
r: 13 237 546 913
r: 13 464 613 996
r: 15 70 83 115
r: 16 277 320 769
r: 18 138 770 845
r: 18 428 429 983
r: 19 391 490 961
r: 20 34 605 836
r: 20 538 551 842
r: 21 70 247 448
r: 21 280 636 967
r: 22 246 427 969
r: 23 221 407 802
r: 23 242 506 536
r: 24 416 485 833
r: 25 305 462 530
r: 27 74 363 415
r: 28 217 782 974
r: 29 64 287 605
r: 30 208 333 645
r: 32 124 317 456
r: 32 463 474 808
r: 33 69 504 595
r: 33 220 247 906
r: 34 140 151 200
r: 36 239 241 362
r: 39 473 717 853
r: 45 672 721 825
r: 46 131 555 581
r: 46 359 443 976
r: 46 479 483 731
r: 48 157 183 346
r: 52 417 556 886
r: 58 573 670 878
r: 60 200 362 709
r: 62 470 655 766
r: 63 114 367 847
r: 64 412 562 806
r: 65 171 305 903
r: 65 523 725 979
r: 67 765 992 996
r: 68 124 707 791
r: 68 159 644 918
r: 71 194 707 753
r: 76 484 668 843
r: 77 325 808 896
r: 80 120 476 615
r: 81 232 520 812
r: 82 205 338 497
r: 82 397 730 885
r: 82 485 820 905
r: 83 131 276 290
r: 85 215 326 942
r: 87 284 670 675
r: 88 191 235 708
r: 92 155 448 758
r: 95 182 355 665
r: 96 370 524 957
r: 96 452 627 879
r: 97 282 802 978
r: 99 176 532 801
r: 101 379 767 828
r: 102 155 650 749
r: 102 482 522 946
r: 106 230 567 790
r: 110 421 527 982
r: 111 224 404 757
r: 111 347 792 877
r: 112 370 613 937
r: 114 167 392 987
r: 116 207 802 999
r: 116 523 749 984
r: 118 283 406 809
r: 119 157 214 620
r: 121 138 497 498
r: 125 374 406 810
r: 126 127 131 197
r: 126 239 662 990
r: 128 154 180 440
r: 129 495 610 708
r: 130 336 529 537
r: 135 375 486 863
r: 135 484 492 568
r: 144 532 572 900
r: 145 165 324 959
r: 145 228 334 835
r: 146 283 457 796
r: 146 539 577 646
r: 147 152 494 652
r: 147 532 631 885
r: 149 572 757 930
r: 150 200 265 708
r: 150 427 438 981
r: 151 359 679 719
r: 162 388 761 949
r: 163 190 356 889
r: 163 348 733 870
r: 164 237 386 815
r: 164 304 466 736
r: 170 423 698 887
r: 174 856 864 907
r: 180 193 697 998
r: 180 370 743 788
r: 184 642 929 993
r: 186 240 614 625
r: 195 489 662 704
r: 195 609 823 905
r: 196 330 486 848
r: 198 500 527 937
r: 202 424 773 861
r: 202 624 648 894
r: 204 324 827 842
r: 206 220 411 951
r: 208 626 650 858
r: 209 512 675 890
r: 211 272 570 760
r: 214 244 247 946
r: 215 335 720 906
r: 220 330 649 712
r: 220 440 615 950
r: 227 250 591 670
r: 232 241 934 998
r: 236 264 484 604
r: 248 555 559 588
r: 248 570 648 850
r: 262 442 444 537
r: 263 266 743 808
r: 265 313 893 998
r: 278 501 639 847
r: 279 341 679 798
r: 290 383 654 757
r: 292 406 558 786
r: 297 313 551 980
r: 301 374 816 842
r: 303 428 443 516
r: 303 573 855 856
r: 317 526 555 780
r: 324 480 519 559
r: 326 373 519 688
r: 332 525 594 622
r: 336 420 722 814
r: 346 405 607 899
r: 352 534 883 884
r: 358 418 686 782
r: 368 561 729 850
r: 379 412 485 524
r: 382 407 474 517
r: 384 427 438 946
r: 397 505 832 936
r: 401 423 704 805
r: 407 517 732 760
r: 408 473 521 592
r: 413 594 681 745
r: 419 834 974 988
r: 427 784 810 895
r: 460 492 570 731
r: 464 538 832 969
r: 468 541 611 731
r: 476 615 724 737
r: 482 498 883 888
r: 489 664 775 968
r: 493 510 709 863
r: 495 558 653 736
r: 520 535 750 858
r: 529 619 873 967
r: 534 563 626 737
r: 537 911 913 965
r: 544 614 692 740
r: 551 754 755 834
r: 559 590 723 823
r: 566 638 785 949
r: 572 607 682 773
r: 575 787 884 885
r: 576 666 695 727
r: 579 613 881 971
r: 631 782 899 970
r: 636 711 838 937
r: 646 686 915 961
r: 672 779 853 918
r: 675 742 785 949
r: 714 748 836 864
r: 730 737 818 835
r: 806 879 947 948
r: 1 34 158 722 849
r: 4 56 66 314 875
r: 4 265 312 694 967
r: 4 508 803 838 874
r: 6 9 539 831 882
r: 7 180 449 488 876
r: 7 240 311 328 864
r: 8 119 586 740 841
r: 9 15 470 742 750
r: 10 26 90 724 981
r: 11 87 259 705 872
r: 11 311 442 745 984
r: 14 17 96 268 338
r: 14 415 574 747 806
r: 15 81 686 731 754
r: 16 228 497 708 957
r: 18 258 302 579 948
r: 18 288 381 386 876
r: 20 165 512 593 933
r: 20 356 412 424 479
r: 23 110 380 789 804
r: 23 261 314 576 864
r: 23 347 551 745 841
r: 29 378 539 745 769
r: 31 298 517 820 918
r: 32 169 423 701 797
r: 34 233 574 622 634
r: 35 200 438 611 781
r: 35 320 768 817 989
r: 39 470 798 977 986
r: 41 51 329 336 359
r: 42 255 438 753 938
r: 43 49 78 477 488
r: 43 153 614 800 807
r: 45 402 447 454 682
r: 48 68 223 394 687
r: 48 224 440 491 844
r: 53 80 173 529 847
r: 53 86 567 578 595
r: 55 318 439 790 984
r: 57 72 166 855 859
r: 57 298 823 824 943
r: 61 106 123 778 838
r: 61 513 534 624 651
r: 62 284 533 722 874
r: 64 84 190 273 406
r: 64 114 452 472 836
r: 64 231 301 363 409
r: 65 80 165 528 643
r: 67 169 292 356 676
r: 69 130 443 610 955
r: 70 113 126 416 576
r: 70 218 279 587 647
r: 71 560 587 876 961
r: 73 267 568 800 893
r: 80 261 291 578 757
r: 88 392 496 642 690
r: 89 550 552 560 765
r: 90 187 425 575 739
r: 90 393 487 510 813
r: 94 98 164 813 937
r: 94 171 785 801 811
r: 94 288 583 727 747
r: 94 500 530 542 975
r: 96 145 488 504 778
r: 102 393 643 792 853
r: 104 260 430 532 586
r: 106 282 367 385 557
r: 107 182 669 752 869
r: 111 167 376 716 967
r: 116 428 893 903 978
r: 117 196 386 546 775
r: 120 300 673 691 705
r: 120 429 634 766 878
r: 120 442 586 672 737
r: 120 553 594 666 823
r: 124 145 306 675 717
r: 124 231 526 644 887
r: 126 647 771 824 848
r: 132 215 280 570 774
r: 133 255 545 723 811
r: 137 278 642 811 948
r: 140 219 403 412 879
r: 140 604 809 846 854
r: 142 303 534 705 863
r: 144 741 816 863 872
r: 145 207 534 652 779
r: 147 149 484 500 576
r: 150 328 536 892 998
r: 153 319 665 839 947
r: 162 298 409 867 930
r: 165 375 659 665 840
r: 169 496 616 678 756
r: 170 668 710 781 991
r: 176 589 830 833 985
r: 177 217 695 848 958
r: 178 478 589 612 783
r: 181 344 357 958 990
r: 184 266 530 637 860
r: 185 285 345 394 967
r: 187 348 515 958 983
r: 190 342 694 767 960
r: 191 206 287 732 911
r: 191 409 448 619 716
r: 199 201 603 681 772
r: 206 506 676 719 725
r: 216 352 459 680 883
r: 216 434 652 722 750
r: 219 473 545 906 957
r: 222 393 481 582 991
r: 228 374 588 769 927
r: 231 416 805 856 893
r: 237 314 422 870 939
r: 242 387 546 866 962
r: 244 283 331 520 935
r: 246 282 405 407 584
r: 251 313 352 631 773
r: 253 317 370 681 784
r: 253 321 562 617 646
r: 263 409 434 573 950
r: 265 266 289 765 771
r: 269 334 344 842 941
r: 275 554 604 981 992
r: 278 470 704 854 882
r: 294 376 794 852 897
r: 298 575 793 795 990
r: 312 351 493 657 961
r: 318 411 605 689 986
r: 329 610 671 733 762
r: 330 346 519 814 920
r: 341 512 591 767 782
r: 342 529 583 660 860
r: 346 623 668 690 979
r: 346 764 766 787 867
r: 352 363 445 687 875
r: 365 402 791 945 966
r: 365 564 690 827 951
r: 367 497 693 798 916
r: 368 499 804 887 993
r: 376 443 454 553 692
r: 387 686 812 916 980
r: 400 545 600 646 695
r: 404 467 678 920 946
r: 437 450 736 839 990
r: 442 500 625 750 779
r: 444 461 545 667 672
r: 448 518 642 665 938
r: 451 573 597 749 931
r: 459 659 771 827 978
r: 469 627 671 683 862
r: 488 558 713 760 814
r: 493 723 893 983 990
r: 493 807 971 977 984
r: 505 661 670 815 885
r: 511 516 598 711 756
r: 526 578 628 674 763
r: 526 640 711 746 934
r: 533 581 598 617 851
r: 538 849 851 883 932
r: 562 630 761 781 851
r: 595 645 767 844 941
r: 3 310 469 526 618 886
r: 4 21 418 467 594 628
r: 5 95 322 752 785 957
r: 6 87 175 417 517 567
r: 6 198 643 804 870 969
r: 6 470 531 587 820 985
r: 7 13 25 156 322 739
r: 7 118 193 252 583 767
r: 9 349 445 473 592 834
r: 11 16 72 533 719 729
r: 13 68 555 589 823 861
r: 13 78 350 616 840 970
r: 16 52 56 431 781 989
r: 16 198 208 534 868 923
r: 24 73 82 150 492 819
r: 26 67 408 452 597 808
r: 26 211 516 582 704 814
r: 27 60 63 148 662 929
r: 28 203 280 604 872 936
r: 29 498 509 522 646 801
r: 31 116 355 628 843 987
r: 31 206 324 474 519 668
r: 33 535 562 641 792 930
r: 34 424 563 733 810 833
r: 35 63 403 883 949 966
r: 36 241 244 430 694 795
r: 37 47 257 451 799 961
r: 38 146 198 490 664 886
r: 38 177 215 440 594 740
r: 42 370 594 791 870 922
r: 44 150 285 353 685 792
r: 46 102 219 321 394 581
r: 46 199 235 236 362 714
r: 48 234 549 640 695 811
r: 49 180 410 849 897 906
r: 49 413 431 599 619 840
r: 58 362 662 721 920 956
r: 60 63 74 223 867 952
r: 60 164 321 326 894 995
r: 64 121 166 622 719 822
r: 64 188 424 702 804 851
r: 65 291 395 461 507 819
r: 66 298 675 816 909 932
r: 71 374 380 424 516 530
r: 76 189 412 541 589 733
r: 76 248 440 469 513 555
r: 78 193 460 576 667 743
r: 78 251 478 481 735 874
r: 79 627 788 888 892 925
r: 82 344 492 643 650 658
r: 82 383 411 672 739 790
r: 83 200 210 349 915 973
r: 86 101 424 464 590 868
r: 88 168 323 592 939 996
r: 88 173 401 476 838 945
r: 88 274 410 572 829 879
r: 90 173 301 329 748 845
r: 93 426 445 598 709 712
r: 94 100 138 425 782 936
r: 94 110 233 483 547 722
r: 96 117 183 188 237 448
r: 97 125 274 868 975 995
r: 101 244 262 504 771 902
r: 101 445 454 627 701 915
r: 102 181 349 512 514 932
r: 102 438 513 641 669 861
r: 104 503 801 824 833 896
r: 105 234 290 306 409 447
r: 110 175 192 655 707 928
r: 114 177 348 390 397 706
r: 115 131 399 447 638 848
r: 117 192 443 643 767 921
r: 118 387 417 652 750 908
r: 119 223 340 592 630 675
r: 122 177 242 457 502 845
r: 125 231 423 485 535 896
r: 126 349 414 817 868 986
r: 129 333 390 443 526 989
r: 135 376 485 726 841 967
r: 136 277 601 662 738 843
r: 138 180 369 445 911 920
r: 140 214 261 479 566 993
r: 143 154 303 455 817 947
r: 146 221 369 861 920 994
r: 152 253 259 586 607 690
r: 153 200 494 650 657 687
r: 153 505 741 897 939 942
r: 158 169 428 429 590 979
r: 161 167 445 586 632 926
r: 162 313 435 701 788 967
r: 164 240 331 570 795 856
r: 165 178 620 640 739 951
r: 165 359 468 762 855 959
r: 168 583 800 812 886 954
r: 175 335 437 644 675 973
r: 177 235 585 674 825 982
r: 179 289 336 444 630 873
r: 182 439 664 875 878 931
r: 183 325 429 783 824 876
r: 183 354 655 668 683 916
r: 191 260 291 319 760 966
r: 197 455 469 622 699 718
r: 198 311 559 710 720 878
r: 200 262 320 328 612 699
r: 205 317 355 509 716 904
r: 210 279 439 480 676 931
r: 210 676 706 787 921 926
r: 212 302 576 744 759 928
r: 213 272 412 459 786 810
r: 215 312 429 450 571 774
r: 217 350 724 797 876 975
r: 218 463 593 682 809 812
r: 219 728 737 885 930 979
r: 220 396 432 537 637 939
r: 221 242 398 413 810 815
r: 223 312 753 754 830 924
r: 225 241 351 356 554 864
r: 226 294 419 801 881 982
r: 228 289 485 706 709 991
r: 229 318 458 552 582 962
r: 230 372 496 658 696 937
r: 235 308 483 537 676 792
r: 240 253 443 606 687 948
r: 242 314 384 422 658 776
r: 249 340 712 729 942 973
r: 249 483 501 528 661 976
r: 254 369 488 562 750 858
r: 255 264 301 356 369 409
r: 258 345 461 678 735 842
r: 272 378 404 592 862 1000
r: 274 368 429 890 938 977
r: 276 392 604 633 637 732
r: 277 336 787 905 948 990
r: 279 347 417 617 753 860
r: 283 297 360 415 571 999
r: 285 524 590 711 895 970
r: 286 455 532 602 727 958
r: 287 302 352 555 566 855
r: 292 486 582 653 680 738
r: 297 378 475 491 725 895
r: 302 417 481 553 779 927
r: 304 387 395 451 582 642
r: 309 334 543 555 598 706
r: 315 474 525 600 681 734
r: 318 379 495 756 776 961
r: 340 387 508 632 782 853
r: 346 434 795 849 856 989
r: 347 427 443 767 804 925
r: 349 566 664 725 824 929
r: 360 408 504 589 909 991
r: 367 440 503 587 850 967
r: 374 397 414 532 666 715
r: 374 673 825 867 922 949
r: 379 425 486 782 952 964
r: 380 562 688 808 820 881
r: 387 476 540 816 902 974
r: 387 528 530 690 966 980
r: 392 423 454 555 734 785
r: 396 434 646 682 752 774
r: 412 503 713 768 827 979
r: 438 534 597 746 802 985
r: 453 565 652 748 752 815
r: 462 475 623 656 693 773
r: 472 478 691 757 844 885
r: 474 532 576 661 698 755
r: 484 487 644 711 785 793
r: 501 621 664 819 886 921
r: 1 191 385 483 519 526 638
r: 4 114 202 255 605 659 839
r: 5 22 81 370 581 861 967
r: 5 99 284 472 655 793 913
r: 6 137 221 283 287 721 992
r: 7 210 231 327 413 819 951
r: 11 102 268 388 623 827 978
r: 11 439 570 593 610 784 795
r: 12 243 308 689 712 766 972
r: 15 47 156 291 358 546 885
r: 15 54 159 555 710 798 830
r: 16 77 78 214 447 516 999
r: 17 33 50 197 349 614 813
r: 18 149 349 689 737 756 825
r: 19 78 168 244 414 723 851
r: 20 134 337 456 841 988 991
r: 23 185 461 479 650 909 960
r: 24 58 80 714 788 942 989
r: 25 57 61 205 347 755 781
r: 25 174 185 247 266 280 847
r: 27 202 327 358 367 886 1000
r: 29 179 379 516 686 977 978
r: 33 110 142 419 754 780 878
r: 37 59 557 731 869 953 980
r: 37 100 171 259 286 296 823
r: 37 467 608 794 844 911 985
r: 40 64 391 434 551 896 921
r: 43 232 348 404 570 811 999
r: 45 188 233 382 410 520 606
r: 45 255 288 384 586 623 764
r: 51 276 320 340 341 423 552
r: 52 175 323 535 612 618 794
r: 53 72 251 263 291 653 781
r: 55 131 170 508 551 733 905
r: 59 497 560 595 597 980 999
r: 60 326 413 456 628 859 959
r: 62 284 345 583 795 923 991
r: 63 133 345 467 473 503 943
r: 64 132 151 303 454 899 920
r: 67 151 573 685 726 780 908
r: 70 259 308 370 373 420 808
r: 73 222 350 478 512 638 691
r: 74 150 366 437 489 491 517
r: 77 139 262 542 912 937 940
r: 77 211 270 375 458 646 745
r: 77 215 346 453 502 795 852
r: 77 480 563 602 781 824 825
r: 84 167 361 381 503 558 771
r: 85 157 254 290 498 565 623
r: 86 133 145 179 356 531 559
r: 87 416 439 480 513 856 881
r: 91 268 290 364 409 534 549
r: 92 363 603 830 862 875 973
r: 96 277 366 884 946 961 999
r: 97 321 545 584 799 825 985
r: 112 189 252 259 303 638 846
r: 115 272 547 584 780 805 867
r: 130 133 287 513 525 884 902
r: 136 180 278 381 418 517 987
r: 136 193 221 674 703 836 893
r: 136 214 297 319 384 600 669
r: 137 379 487 631 772 845 996
r: 138 321 617 630 742 835 932
r: 142 329 437 560 616 685 827
r: 143 260 270 672 899 958 972
r: 149 341 629 701 740 874 999
r: 150 166 348 480 633 638 692
r: 154 243 314 433 458 606 864
r: 157 178 225 450 752 777 844
r: 159 311 328 484 745 784 919
r: 162 225 285 423 505 519 670
r: 168 196 310 450 491 670 865
r: 173 260 318 635 652 829 922
r: 178 191 282 393 717 947 996
r: 189 209 313 475 589 699 817
r: 189 246 572 577 742 864 993
r: 189 347 370 531 618 747 815
r: 204 505 532 600 762 910 938
r: 207 270 397 485 629 724 941
r: 211 485 734 748 808 860 974
r: 222 405 441 711 714 983 999
r: 223 353 434 515 516 657 974
r: 244 423 464 662 668 720 828
r: 246 400 405 410 425 803 868
r: 250 360 391 500 787 823 999
r: 259 344 355 432 484 508 745
r: 264 376 434 483 683 844 908
r: 265 286 393 537 596 856 876
r: 275 325 384 411 454 604 668
r: 276 544 620 634 760 918 997
r: 280 458 502 600 678 826 933
r: 292 510 633 660 839 939 994
r: 292 653 660 767 835 918 937
r: 308 325 560 816 849 942 975
r: 310 603 690 715 757 811 883
r: 316 396 408 500 631 753 903
r: 321 332 371 561 803 865 925
r: 348 443 501 551 600 838 870
r: 355 445 575 626 690 710 985
r: 393 491 641 656 711 715 900
r: 413 591 689 796 812 886 974
r: 432 521 529 611 641 755 830
r: 437 466 491 502 504 647 760
r: 438 483 839 868 878 900 923
r: 465 532 542 588 683 729 944
r: 3 146 188 240 337 470 561 698
r: 6 102 103 296 393 614 707 859
r: 7 25 142 248 287 378 503 820
r: 7 134 255 372 421 491 496 623
r: 8 134 157 627 647 777 796 818
r: 9 29 111 183 189 195 394 804
r: 10 116 305 309 544 672 819 986
r: 13 213 364 498 522 633 940 987
r: 14 456 481 688 746 899 923 929
r: 16 76 227 482 526 697 815 988
r: 17 57 89 310 552 841 934 941
r: 24 122 227 233 404 460 697 820
r: 26 175 195 277 582 587 680 727
r: 36 194 725 762 765 876 920 983
r: 42 60 265 372 662 739 783 810
r: 45 360 405 412 507 711 731 895
r: 60 320 375 566 658 727 729 896
r: 62 225 270 411 480 713 898 972
r: 65 242 361 472 487 497 571 926
r: 79 203 461 535 633 677 810 817
r: 80 153 156 222 226 399 590 880
r: 81 166 239 310 433 843 943 987
r: 82 112 227 235 484 635 816 894
r: 82 289 553 674 738 901 924 949
r: 84 185 218 222 364 543 592 982
r: 92 112 240 371 537 552 700 788
r: 92 179 422 447 550 644 766 801
r: 94 353 405 422 672 693 739 897
r: 95 222 300 387 608 739 762 779
r: 132 201 444 464 488 521 587 691
r: 138 242 259 560 675 808 947 998
r: 149 163 370 434 621 671 716 741
r: 149 308 492 625 688 749 850 949
r: 154 208 214 392 605 698 720 993
r: 169 175 619 724 755 793 957 1000
r: 170 179 320 440 582 678 793 990
r: 178 408 419 454 488 492 645 891
r: 181 244 250 315 550 796 833 951
r: 187 344 455 565 846 890 930 959
r: 190 402 404 560 682 812 826 901
r: 207 266 445 549 693 816 871 975
r: 215 575 592 596 641 707 729 995
r: 221 360 383 426 592 649 915 941
r: 222 343 391 484 645 678 731 760
r: 232 286 391 468 638 776 795 863
r: 236 260 366 586 588 632 816 849
r: 272 344 530 531 558 591 665 946
r: 289 639 828 849 881 924 931 994
r: 300 391 472 553 672 713 792 797
r: 315 358 436 554 597 610 750 839
r: 316 326 403 430 551 646 910 969
r: 328 420 513 560 592 703 915 999
r: 461 529 601 643 673 782 835 946
r: 1 116 249 344 506 520 531 636 746
r: 7 215 248 510 515 528 824 840 943
r: 10 41 460 461 605 737 744 794 809
r: 12 58 200 711 822 827 831 832 846
r: 12 146 242 347 690 694 928 930 933
r: 18 66 169 246 587 616 668 844 944
r: 18 118 266 329 334 598 623 852 950
r: 28 100 170 341 356 558 764 841 842
r: 33 130 204 334 453 475 559 684 752
r: 34 123 185 210 286 340 358 370 716
r: 57 59 131 306 470 638 731 877 897
r: 58 85 89 106 402 540 555 600 887
r: 65 485 504 560 591 600 838 864 989
r: 69 126 262 527 534 561 636 647 958
r: 72 280 420 534 538 623 711 754 794
r: 73 125 406 464 471 546 711 719 861
r: 74 106 231 277 409 412 478 548 637
r: 86 99 135 175 593 673 798 866 966
r: 89 381 409 483 508 668 710 942 987
r: 89 387 425 475 661 796 889 939 982
r: 99 141 322 350 414 618 625 839 931
r: 107 125 150 255 486 504 530 563 768
r: 107 224 393 413 420 489 827 867 978
r: 118 162 229 275 422 656 756 880 943
r: 118 176 216 325 715 726 775 911 994
r: 132 287 316 520 557 705 791 797 963
r: 139 221 232 347 514 633 731 802 880
r: 181 187 197 580 584 613 674 700 964
r: 184 246 318 467 488 580 628 777 969
r: 210 308 322 414 524 674 712 901 963
r: 257 307 347 433 499 567 714 923 995
r: 291 359 487 551 553 750 844 889 963
r: 301 346 438 543 575 583 692 760 843
r: 351 382 392 394 488 538 813 889 996
r: 399 551 592 604 642 657 870 914 974
r: 8 206 277 296 320 589 617 635 846 887
r: 11 19 58 246 260 349 417 480 522 731
r: 17 67 96 154 156 226 800 898 905 915
r: 19 79 144 319 446 498 762 780 853 1000
r: 26 319 463 530 644 673 712 881 883 913
r: 28 207 319 346 561 639 726 760 761 978
r: 39 268 406 464 512 556 622 705 931 943
r: 40 516 523 615 665 736 913 915 927 984
r: 45 75 103 164 444 477 537 698 800 890
r: 52 206 453 519 566 689 869 887 927 997
r: 58 249 372 624 661 717 725 773 954 999
r: 62 328 610 639 662 852 914 946 972 994
r: 65 94 112 318 385 478 498 569 891 918
r: 69 85 229 297 463 721 795 826 841 859
r: 69 106 475 530 534 599 671 700 766 845
r: 77 127 139 155 317 357 402 600 835 972
r: 85 93 124 211 229 417 454 669 869 993
r: 88 270 273 322 417 438 486 547 651 875
r: 88 385 422 466 737 779 822 915 932 989
r: 94 210 316 487 526 538 563 865 916 960
r: 96 238 264 341 433 468 736 776 789 828
r: 105 184 222 263 467 471 552 717 818 984
r: 105 303 319 498 699 720 759 884 921 960
r: 108 161 170 220 263 428 529 569 645 672
r: 128 136 180 192 282 346 475 604 848 874
r: 137 272 430 616 638 668 812 825 875 977
r: 150 330 409 425 685 727 732 867 886 898
r: 157 264 513 551 591 642 723 779 868 878
r: 173 215 331 476 648 690 724 886 905 959
r: 180 227 416 435 437 444 510 592 630 932
r: 184 206 239 262 276 324 469 542 830 957
r: 244 392 529 547 565 603 699 744 749 849
r: 253 306 340 409 437 511 525 636 868 970
r: 272 349 437 515 584 723 730 835 881 959
r: 335 381 428 523 539 595 652 680 735 895
r: 422 434 534 538 563 658 794 805 877 917
r: 457 545 567 643 658 683 793 852 889 957
